-6.928406466512797 7.286181745132289e-12
39.26096997690513 4.731512589614793e-11
57.73672055427244 1.1885022274370164e-10
66.97459584295598 1.631172909227833e-10
103.92609699769037 2.053525026457146e-10
168.5912240184756 2.5118864315095717e-10
233.25635103926072 3.1622776601683666e-10
297.92147806004584 3.651741272548362e-10
362.5866050808312 4.097321098135405e-10
445.7274826789836 4.340102636447431e-10
528.868360277136 4.597269885308699e-10
630.4849884526556 4.4668359215096166e-10
722.8637413394916 4.4668359215096166e-10
833.718244803695 4.097321098135405e-10
916.8591224018475 3.868120546330509e-10
1018.4757505773672 3.254617834980453e-10
1138.5681293302537 2.818382931264449e-10
1249.422632794457 2.2387211385683377e-10
1369.5150115473439 1.631172909227833e-10
1489.6073903002307 1.1547819846894582e-10
1628.1755196304848 7.498942093324558e-11
1720.554272517321 5.011872336272715e-11
1886.8360277136258 2.660725059798814e-11
2043.8799076212467 1.4125375446227554e-11
2210.1616628175516 6.683439175686163e-12
2293.3025404157042 4.466835921509635e-12
2413.394919168591 2.5118864315095823e-12
2496.5357967667437 1.7278259805078663e-12
2607.3903002309467 1.000000000000004e-12
2709.006928406467 5.463865498818573e-13
2801.385681293303 3.4474660657315053e-13
2829.099307159354 2.7384196342643723e-13
2921.47806004619 1.372460961007571e-13
3023.0946882217095 6.87859912308811e-14
3060.046189376444 5.0118723362727554e-14
