4.275052532425207 6.6662612156094965e-12
29.925367726976447 4.9163810149026465e-11
47.518295775668435 1.1384520928248263e-10
84.0373885950296 1.6107512468510343e-10
120.70139844938785 1.9717334282050612e-10
203.4490254329396 2.412004360187783e-10
277.00891239765224 2.8667323404321625e-10
387.55162669371794 3.0328375000840024e-10
479.7478443591044 2.9423252218125944e-10
608.868922541845 2.6924195990752724e-10
701.1520904282299 2.394682169933874e-10
830.3311354249693 2.0679610377690497e-10
950.3514238098687 1.6855327408827735e-10
1061.212955582929 1.2966787791798378e-10
1172.045503948989 1.0268485934976264e-10
1282.993985943048 7.242111836847947e-11
1393.9424679371061 5.107684247661618e-11
1486.399536265488 3.8181799014064153e-11
1597.4639518875445 2.3982806709278238e-11
1745.4822114339538 1.3803059628053615e-11
1875.0670241286864 7.946331058531096e-12
1976.9726831389032 4.710973314389134e-12
2097.340772407797 2.712438508670101e-12
2217.6798782696906 1.607636868250332e-12
2365.8140714440988 8.240396703412466e-13
2449.17034997464 5.486851893447473e-13
2532.58459531918 3.4477896206742885e-13
2643.706977755235 2.0437453442794388e-13
2745.6995869864504 1.1107961717326444e-13
2847.6921962176657 6.037289032068338e-14
2921.7448011013703 4.3854225804409316e-14
